
        x:0.5
        y:4.4
        z:2.701151387666532
        t:1.7011513876665318
    